%YAML:1.0
transform: !!opencv-matrix
   rows: 4
   cols: 4
   dt: f
   data: [ 1.16334045e-02, 3.10424231e-02, -9.99450386e-01,
       1.68698267e+03, 9.99931991e-01, 4.83619515e-04, 1.16540315e-02,
       3.40044312e+02, 8.45123024e-04, -9.99517918e-01, -3.10346838e-02,
       6.49709656e+02, 0., 0., 0., 1. ]
