%YAML:1.0
calibration_time: "Thu Jan 23 15:43:50 2014"
image_width: 1280
image_height: 720
board_width: 9
board_height: 6
square_size: 2.5000000372529030e-02
flags: 0
camera_matrix: !!opencv-matrix
   rows: 3
   cols: 3
   dt: d
   data: [ 1010.338539, 0, 654.969481, 0, 1006.425088, 347.338051, 0, 0, 1 ]
distortion_coefficients: !!opencv-matrix
   rows: 5
   cols: 1
   dt: d
   data: [ 0.037719, -0.09571499999999999, -0.000448, 0.000828, 0 ]
avg_reprojection_error: 6.7909759077407883e-01
