image_width: 640
image_height: 480
camera_name: narrow_stereo
camera_matrix:
  rows: 3
  cols: 3
  data: [600.83269, 0, 325.252019, 0, 599.183636, 232.606285, 0, 0, 1]
distortion_model: plumb_bob
distortion_coefficients:
  rows: 1
  cols: 5
  data: [0.018938, -0.052498, 0.002166, -0.001443, 0]
rectification_matrix:
  rows: 3
  cols: 3
  data: [1, 0, 0, 0, 1, 0, 0, 0, 1]
projection_matrix:
  rows: 3
  cols: 4
  data: [600.843567, 0, 324.022273, 0, 0, 599.427429, 232.822894, 0, 0, 0, 1, 0]