%YAML:1.0
calibration_time: "Thu Jan 23 15:43:50 2014"
image_width: 1280
image_height: 720
camera_name: narrow_stereo
camera_matrix:
  rows: 3
  cols: 3
  data: [1010.338539, 0, 654.969481, 0, 1006.425088, 347.338051, 0, 0, 1]
distortion_model: plumb_bob
distortion_coefficients:
  rows: 1
  cols: 5
  data: [0.037719, -0.09571499999999999, -0.000448, 0.000828, 0]
rectification_matrix:
  rows: 3
  cols: 3
  data: [1, 0, 0, 0, 1, 0, 0, 0, 1]
projection_matrix:
  rows: 3
  cols: 4
  data: [1009.082825, 0, 655.984588, 0, 0, 1009.178711, 346.631161, 0, 0, 0, 1, 0]
